garden,rocket,window,coffee,silver,flight,planet,winter,python,binary,server,screen,laptop,script,buffer,syntax,cursor,memory,router,switch,widget,logout,login,hacker,muster,london,portal,player,engine,mobile,format,delete,upload,update,search,client,cloud,thread,string,header,footer,vector,matrix,object,canvas,layout,plugin,export,import,toggle,pixel,logic,frame,ghost,proxy,vault,audit,batch,cache,click,focal,glyph,index,modal,patch,shell,sound,steam,trace,backup,branch,commit,deploy,domain,driver,filter,global,master,native,offset,packet,prompt,public,remote,scroll,sensor,socket,static,stream,browser,desktop,monitor,network,storage